0.0030664603092439082115513
0.0030664314747171934849726
0.0030663738059349007324470
0.0030662873034393008056861
0.0030661719680437936084028
0.0030660278008329004477528
0.0030658548031622538363679
0.0030656529766585847450783
0.0030654223232197073064431
0.0030651628450145009692318
0.0030648745444828901040266
0.0030645574243358210601357
0.0030642114875552366740338
0.0030638367373940482295700
0.0030634331773761048702058
0.0030630008112961604635720
0.0030625396432198379186545
0.0030620496774835909559465
0.0030615309186946633309249
0.0030609833717310455112352
0.0030604070417414288079918
0.0030598019341451569616257
0.0030591680546321751827342
0.0030585054091629766484119
0.0030578140039685464545661
0.0030570938455503030247440
0.0030563449406800369760227
0.0030555672963998474425352
0.0030547609200220758572342
0.0030539258191292371925135
0.0030530620015739486603347
0.0030521694754788558725307
0.0030512482492365564619779
0.0030502983315095211653578
0.0030493197312300123682482
0.0030483124576000001133114
0.0030472765200910755723677
0.0030462119284443619831693
0.0030451186926704230517109
0.0030439968230491688209395
0.0030428463301297590067471
0.0030416672247305038021562
0.0030404595179387621506312
0.0030392232211108374894710
0.0030379583458718709642643
0.0030366649041157321154111
0.0030353429080049070377385
0.0030339923699703840142628
0.0030326133027115366251721
0.0030312057191960043331307
0.0030297696326595705460252
0.0030283050566060381583022
0.0030268120048071025720655
0.0030252904913022221991274
0.0030237405303984864452325
0.0030221621366704811776946
0.0030205553249601516777118
0.0030189201103766630786495
0.0030172565082962582916016
0.0030155645343621134195681
0.0030138442044841906616068
0.0030120955348390887083441
0.0030103185418698906302495
0.0030085132422860092601062
0.0030066796530630300711306
0.0030048177914425515522176
0.0030029276749320230818149
0.0030010093213045803019478
0.0029990627485988779939449
0.0029970879751189204574353
0.0029950850194338893942123
0.0029930539003779692985814
0.0029909946370501703558363
0.0029889072488141488505262
0.0029867917552980250862041
0.0029846481763941988183689
0.0029824765322591622023349
0.0029802768433133102577897
0.0029780491302407488518214
0.0029757934139891002022209
0.0029735097157693059028890
0.0029711980570554274731990
0.0029688584595844444331918
0.0029664909453560499065010
0.0029640955366324437529314
0.0029616722559381232326340
0.0029592211260596712038487
0.0029567421700455418562030
0.0029542354112058439815854
0.0029517008731121217846274
0.0029491385795971332348581
0.0029465485547546259626151
0.0029439308229391107008170
0.0029412854087656322747309
0.0029386123371095381418860
0.0029359116331062444843108
0.0029331833221509998552933
0.0029304274298986463828860
0.0029276439822633785324025
0.0029248330054184994301727
0.0029219945257961747508486
0.0029191285700871841705750
0.0029162351652406703883623
0.0029133143384638857180205
0.0029103661172219362530391
0.0029073905292375236068160
0.0029043876024906842306667
0.0029013573652185263120627
0.0028982998459149642555740
0.0028952150733304507490135
0.0028921030764717064173001
0.0028889638846014470665859
0.0028857975272381085212091
0.0028826040341555690560623
0.0028793834353828694269858
0.0028761357612039305018167
0.0028728610421572684947521
0.0028695593090357078067012
0.0028662305928860914743281
0.0028628749250089892305081
0.0028594923369584031789413
0.0028560828605414710856927
0.0028526465278181672904478
0.0028491833711010012402964
0.0028456934229547136488796
0.0028421767161959702837564
0.0028386332838930533848701
0.0028350631593655507170153
0.0028314663761840422592303
0.0028278429681697845340603
0.0028241929693943925796601
0.0028205164141795195677262
0.0028168133370965340702726
0.0028130837729661949782821
0.0028093277568583240752928
0.0028055453240914762689974
0.0028017365102326074839556
0.0027979013510967402185435
0.0027940398827466267692845
0.0027901521414924101257281
0.0027862381638912825390663
0.0027822979867471417676962
0.0027783316471102450029635
0.0027743391822768604783394
0.0027703206297889167653083
0.0027662760274336497592617
0.0027622054132432473587211
0.0027581088254944918412282
0.0027539863027083999392661
0.0027498378836498606195970
0.0027456636073272705694208
0.0027414635129921673927833
0.0027372376401388605206822
0.0027329860285040598383428
0.0027287087180665020331547
0.0027244057490465746667821
0.0027200771619059379749851
0.0027157229973471443987056
0.0027113432963132558499974
0.0027069380999874587163979
0.0027025074497926766073634
0.0026980513873911808464073
0.0026935699546841987126055
0.0026890631938115194351518
0.0026845311471510979446691
0.0026799738573186563850015
0.0026753913671672833892344
0.0026707837197870311237119
0.0026661509585045101038391
0.0026614931268824817854798
0.0026568102687194489357814
0.0026521024280492437872770
0.0026473696491406139791397
0.0026426119764968062894804
0.0026378294548551481626046
0.0026330221291866270351630
0.0026281900446954674651512
0.0026233332468187060677353
0.0026184517812257642618999
0.0026135456938180188319369
0.0026086150307283703078113
0.0026036598383208091684657
0.0025986801631899798721388
0.0025936760521607427178014
0.0025886475522877335418257
0.0025835947108549212540321
0.0025785175753751632172710
0.0025734161935897584747222
0.0025682906134679988291122
0.0025631408832067177780710
0.0025579670512298373098703
0.0025527691661879125638030
0.0025475472769576743594882
0.0025423014326415695994010
0.0025370316825672995489502
0.0025317380762873559984451
0.0025264206635785553113127
0.0025210794944415703629476
0.0025157146191004603745948
0.0025103260880021986466869
0.0025049139518161981960773
0.0024994782614338353016280
0.0024940190679679709626349
0.0024885364227524702745874
0.0024830303773417197267843
0.0024775009835101424263432
0.0024719482932517112531633
0.0024663723587794599504176
0.0024607732325249921551741
0.0024551509671379883737605
0.0024495056154857109065099
0.0024438372306525067265426
0.0024381458659393083172574
0.0024324315748631324732279
0.0024266944111565770692147
0.0024209344287673158020275
0.0024151516818575909099866
0.0024093462248037038747545
0.0024035181121955041103265
0.0023976673988358756439882
0.0023917941397402217940673
0.0023858983901359478493246
0.0023799802054619417548485
0.0023740396413680528093376
0.0023680767537145683786720
0.0023620915985716886306938
0.0023560842322189992961374
0.0023500547111449424606655
0.0023440030920462853929883
0.0023379294318275874140606
0.0023318337876006648123684
0.0023257162166840538103394
0.0023195767766024715869239
0.0023134155250862753614165
0.0023072325200709195436049
0.0023010278196964109553481
0.0022948014823067621287099
0.0022885535664494426857857
0.0022822841308748288053830
0.0022759932345356507817318
0.0022696809365864386804193
0.0022633472963829660967620
0.0022569923734816920218464
0.0022506162276392008214839
0.0022442189188116403333494
0.0022378005071541580875846
0.0022313610530203356561684
0.0022249006169616211363732
0.0022184192597267597736437
0.0022119170422612227292520
0.0022053940257066339981005
0.0021988502714001954820607
0.0021922858408741102242558
0.0021857007958550038097087
0.0021790951982633439377969
0.0021724691102128581719720
0.0021658225940099498722195
0.0021591557121531123157498
0.0021524685273323410114303
0.0021457611024285442134846
0.0021390335005129516400021
0.0021322857848465214018174
0.0021255180188793451473363
0.0021187302662500514289029
0.0021119225907852072963166
0.0021050950564987181231273
0.0020982477275912256713511
0.0020913806684495044002679
0.0020844939436458560249764
0.0020775876179375023304007
0.0020706617562659762464561
0.0020637164237565111901030
0.0020567516857174286800274
0.0020497676076395242297101
0.0020427642551954515246552
0.0020357416942391048895728
0.0020286999908050000513193
0.0020216392111076532034194
0.0020145594215409583780096
0.0020074606886775631310555
0.0020003430792682425467160
0.0019932066602412715667394
0.0019860514987017956507927
0.0019788776619311997736447
0.0019716852173864757651327
0.0019644742326995879988655
0.0019572447756768374356240
0.0019499969142982240274419
0.0019427307167168074883601
0.0019354462512580664378677
0.0019281435864192559230531
0.0019208227908687633255086
0.0019134839334454626590447
0.0019061270831580672642844
0.0018987523091844809062265
0.0018913596808711472808775
0.0018839492677323979370705
0.0018765211394497986196010
0.0018690753658714940398285
0.0018616120170115510799024
0.0018541311630493004367905
0.0018466328743286767122991
0.0018391172213575569552912
0.0018315842748070976623218
0.0018240341055110702429247
0.0018164667844651949558009
0.0018088823828264733221690
0.0018012809719125190225581
0.0017936626232008872833327
0.0017860274083284027592567
0.0017783753990904859184165
0.0017707066674404779358362
0.0017630212854889641021349
0.0017553193255030957535871
0.0017476008599059107299616
0.0017398659612756523665312
0.0017321147023450870266539
0.0017243471560008201813452
0.0017165633952826110422716
0.0017087634933826857546100
0.0017009475236450491562317
0.0016931155595647951096823
0.0016852676747874154134422
0.0016774039431081072989678
0.0016695244384710795200224
0.0016616292349688570408253
0.0016537184068415843295541
0.0016457920284763272637533
0.0016378501744063736542136
0.0016298929193105323938983
0.0016219203380124312385075
0.0016139325054798132252838
0.0016059294968238317366751
0.0015979113872983442154825
0.0015898782522992045381361
0.0015818301673635540527516
0.0015737672081691112886347
0.0015656894505334603439125
0.0015575969704133379579831
0.0015494898439039192754876
0.0015413681472381023085203
0.0015332319567857911038062
0.0015250813490531776215856
0.0015169164006820223329593
0.0015087371884489335424584
0.0015005437892646454426166
0.0014923362801732949073323
0.0014841147383516970308228
0.0014758792411086194189814
0.0014676298658840552399621
0.0014593666902484950408286
0.0014510897919021973371136
0.0014427992486744579821480
0.0014344951385228783230315
0.0014261775395326321501237
0.0014178465299157314469528
0.0014095021880102909474427
0.0014011445922797915073771
0.0013927738213123422970256
0.0013843899538199418218713
0.0013759930686377377783877
0.0013675832447232857518263
0.0013591605611558067629844
0.0013507250971354436709363
0.0013422769319825164387192
0.0013338161451367762689788
0.0013253428161566586165863
0.0013168570247185350852537
0.0013083588506159642151809
0.0012998483737589411687807
0.0012913256741731463215379
0.0012827908319991927650686
0.0012742439274918727294554
0.0012656850410194029319476
0.0012571142530626688591208
0.0012485316442144679896043
0.0012399372951787519644928
0.0012313312867698677125706
0.0012227136999117975374834
0.0012140846156373981740056
0.0012054441150876388205601
0.0011967922795108381551550
0.0011881291902619003419159
0.0011794549288015500353964
0.0011707695766955663898644
0.0011620732156140160807669
0.0011533659273304853455891
0.0011446477937213110513287
0.0011359188967648107958214
0.0011271793185405120501566
0.0011184291412283803494364
0.0011096684471080465391373
0.0011008973185580330843445
0.0010921158380549794491381
0.0010833240881728665534171
0.0010745221515822403144596
0.0010657101110494342805238
0.0010568880494357913638046
0.0010480560496968846800697
0.0010392141948817375023057
0.0010303625681320423357186
0.0010215012526813791214350
0.0010126303318544325762649
0.0010037498890662086758941
0.0009948600078212502888805
0.0009859607717128519688418
0.0009770522644222739122264
0.0009681345697179550890732
0.0009592077714547255541688
0.0009502719535730179460261
0.0009413272000980781811114
0.0009323735951391753507612
0.0009234112228888108282347
0.0009144401676219265933610
0.0009054605136951127822476
0.0008964723455458144695262
0.0008874757476915376906225
0.0008784708047290547115472
0.0008694576013336085537138
0.0008604362222581167813022
0.0008514067523323745586954
0.0008423692764622569855308
0.0008333238796289207169173
0.0008242706468880048763834
0.0008152096633688312691343
0.0008061410142736039032099
0.0007970647848766078261514
0.0007879810605234072847989
0.0007788899266300432158601
0.0007697914686822300749096
0.0007606857722345520114971
0.0007515729229096583980656
0.0007424530063974587204051
0.0007333261084543168373926
0.0007241923149022446178008
0.0007150517116280949619884
0.0007059043845827542163241
0.0006967504197803339882351
0.0006875899032973623698204
0.0006784229212719745780188
0.0006692495599031030193850
0.0006600699054496667875923
0.0006508840442297606018626
0.0006416920626198431946113
0.0006324940470539251567018
0.0006232900840227562488244
0.0006140802600730121876541
0.0006048646618064809156059
0.0005956433758792483631993
0.0005864164890008837132649
0.0005771840879336241764943
0.0005679462594915592881427
0.0005587030905398147360662
0.0005494546679937357307118
0.0005402010788180699282026
0.0005309424100261499182844
0.0005216787486790752896494
0.0005124101818848942860548
0.0005031367967977850677401
0.0004938586806172365939677
0.0004845759205872291441124
0.0004752886039954144966810
0.0004659968181722957880391
0.0004567006504904070755681
0.0004474001883634926336095
0.0004380955192456860150653
0.0004287867306306889171352
0.0004194739100509498966958
0.0004101571450768429896514
0.0004008365233158462997325
0.0003915121324117206363681
0.0003821840600436882993131
0.0003728523939256121308821
0.0003635172218051749865499
0.0003541786314630598135175
0.0003448367107121305776064
0.0003354915473966143456333
0.0003261432293912849189248
0.0003167918446006485317858
0.0003074374809581322877037
0.0002980802264252762217455
0.0002887201689909301727620
0.0002793573966704570567274
0.0002699919975049447012834
0.0002606240595604292032823
0.0002512536709271339139118
0.0002418809197187298044384
0.0002325058940716253739001
0.0002231286821442978268308
0.0002137493721166826096154
0.0002043680521896465790359
0.0001949848105845827899210
0.0001855997355431850062940
0.0001762129153274925249194
0.0001668244382203495280013
0.0001574343925265138930609
0.0001480428665748079976500
0.0001386499487219861751244
0.0001292557273595155266326
0.0001198602909254695827354
0.0001104637279257437565603
0.0001010661269730276014588
0.0000916675768613669107254
0.0000822681667164572752810
0.0000728679863190274661367
0.0000634671268598044229933
0.0000540656828939400071988
0.0000446637581285753393838
0.0000352614859871986975067
0.0000258591246764618586716
0.0000164577275798968681068
0.0000070700764101825898713