0.0015332313560626384065387
0.0045996796509132604743248
0.0076660846940754867627839
0.0107324176515422803327458
0.0137986496899844401539048
0.0168647519770217265449962
0.0199306956814939776907024
0.0229964519737322146859283
0.0260619920258297325581921
0.0291272870119131747190088
0.0321923081084135882953009
0.0352570264943374577920498
0.0383214133515377145376052
0.0413854398649847193632977
0.0444490772230372159692514
0.0475122966177132524285687
0.0505750692449610682823599
0.0536373663049299446784129
0.0566991590022410150066456
0.0597604185462580334848567
0.0628211161513580991486838
0.0658812230372023327000985
0.0689407104290065036692117
0.0719995495578116053446277
0.0750577116607543749280791
0.0781151679813377563695878
0.0811718897697013033399379
0.0842278482828915197978074
0.0872830147851321356094940
0.0903373605480943146797811
0.0933908568511667930531222
0.0964434749817259444449839
0.0994951862354057706638682
0.1025459619163678143852404
0.1055957733375709917393206
0.1086445918210413421754502
0.1116923886981416930665228
0.1147391353098412365177689
0.1177848030069850158450139
0.1208293631505633191883714
0.1238727871119809777282145
0.1269150462733265659711591
0.1299561120276415015747167
0.1329959557791890421802183
0.1360345489437231767245806
0.1390718629487574087024745
0.1421078692338334288514767
0.1451425392507896747338214
0.1481758444640297746894331
0.1512077563507908736360111
0.1542382464014118381930443
0.1572672861196013386077717
0.1602948470227058049622614
0.1633209006419772551419632
0.1663454185228409920472972
0.1693683722251631675310675
0.1723897333235182105457458
0.1754094734074561169859457
0.1784275640817695987127083
0.1814439769667610892475458
0.1844586836985096036255346
0.1874716559291374498981239
0.1904828653270767897777182
0.1934922835773360459175133
0.1964998823817661533215037
0.1995056334593266523810493
0.2025095085463516210358758
0.2055114793968154435588961
0.2085115177825984134657778
0.2115095954937521680517391
0.2145056843387649520596422
0.2174997561448267079850562
0.2204917827580939905255947
0.2234817360439547026834844
0.2264695878872926510320010
0.2294553101927519176581055
0.2324388748850010462953415
0.2354202539089970401627982
0.2383994192302491690277166
0.2413763428350825830111093
0.2443509967309017306575811
0.2473233529464535787923793
0.2502933835320906316905658
0.2532610605600337470850902
0.2562263561246347465424530
0.2591892423426388177365829
0.2621496913534467061535080
0.2651076753193766937613805
0.2680631664259263621824189
0.2710161368820341379053566
0.2739665589203406170790369
0.2769144047974496674298651
0.2798596467941893048479266
0.2828022572158723421886958
0.2857422083925568078394062
0.2886794726793061316013119
0.2916140224564490954412652
0.2945458301298395466682397
0.2974748681311158710926665
0.3004011089179602237287060
0.3033245249743575146018584
0.3062450888108541472266190
0.3091627729648165073212094
0.3120775500006891993287636
0.3149893925102530283167230
0.3178982731128827248285835
0.3208041644558044102645582
0.3237070392143528003701590
0.3266068700922281444141618
0.3295036298217528976399056
0.3323972911641281245763845
0.3352878269096896307981228
0.3381752098781638207253743
0.3410594129189232790587667
0.3439404089112420734451077
0.3468181707645507759736923
0.3496926714186912011050938
0.3525638838441708576370887
0.3554317810424171123150528
0.3582963360460310626968790
0.3611575219190411168852009
0.3640153117571562777424605
0.3668696786880191292071420
0.3697205958714585223322883
0.3725680364997419586702471
0.3754119737978276686304337
0.3782523810236163824397703
0.3810892314682027913383487
0.3839224984561266966457784
0.3867521553456238443366159
0.3895781755288764427662286
0.3924005324322633611914264
0.3952191995166100067331951
0.3980341502774378774318886
0.4008453582452137890482864
0.4036527969855987732669841
0.4064564400996966449616823
0.4092562612243022361850445
0.4120522340321492945489319
0.4148443322321580436639788
0.4176325295696824033106488
0.4204167998267568670171117
0.4231971168223430347225035
0.4259734544125757982073747
0.4287457864910091769763965
0.4315140869888618022816824
0.4342783298752620469783905
0.4370384891574927989076034
0.4397945388812358755048319
0.4425464531308160773358662
0.4452942060294448782650898
0.4480377717394637499647905
0.4507771244625871184774399
0.4535122384401449505463744
0.4562430879533249674337895
0.4589696473234144839484647
0.4616918909120418704091584
0.4644097931214176352731591
0.4671233283945751261630457
0.4698324712156108470282980
0.4725371961099243891820077
0.4752374776444579739565725
0.4779332904279356047259052
0.4806246091111018260453658
0.4833114083869600876643171
0.4859936629910107111699206
0.4886713477014884570245255
0.4913444373395996897627612
0.4940129067697591391182235
0.4966767308998262548534419
0.4993358846813411530706387
0.5019903431097601517846292
0.5046400812246908935430768
0.5072850741101270528831987
0.5099252968946826264179220
0.5125607247518258033484145
0.5151913329001124142038603
0.5178170966034189556133159
0.5204379911711751889184691
0.5230539919585963104401304
0.5256650743669146912153147
0.5282712138436111840258187
0.5308723858826459955432696
0.5334685660246891214197081
0.5360597298573503421568799
0.5386458530154087775915395
0.5412269111810419978382210
0.5438028800840546885350993
0.5463737355021068682427603
0.5489394532609416558499039
0.5515000092346125858442412
0.5540553793457104693110943
0.5566055395655897985264809
0.5591504659145946930157566
0.5616901344622843849532002
0.5642245213276582417822586
0.5667536026793803239405196
0.5692773547360034755778519
0.5717957537661929461605442
0.5743087760889495408586850
0.5768163980738322976184566
0.5793185961411806888254667
0.5818153467623363454697137
0.5843066264598643017272666
0.5867924118077737578782574
0.5892726794317383594853053
0.5917474060093159907610475
0.5942165682701680800580147
0.5966801429962784154186793
0.5991381070221714681281111
0.6015904372351302222163013
0.6040371105754135078618616
0.6064781040364728366534687
0.6089133946651687366701116
0.6113429595619865853458987
0.6137667758812519380899084
0.6161848208313453506363029
0.6185970716749166931046915
0.6210035057290989537555048
0.6234041003657215304299416
0.6257988330115230076688675
0.6281876811483634175098794
0.6305706223134359819666081
0.6329476340994783351992008
0.6353186941549832233898213
0.6376837801844086803419153
0.6400428699483876768269192
0.6423959412639372417070377
0.6447429720046670528676835
0.6470839401009874959981582
0.6494188235403171892641570
0.6517476003672899719207013
0.6540702486839613549191454
0.6563867466500144315669620
0.6586970724829652463040876
0.6610012044583676196647058
0.6632991209100174274984589
0.6655908002301563325302097
0.6678762208696749663426270
0.6701553613383155598710345
0.6724282002048740205051479
0.6746947160974014538975312
0.6769548877034051285838219
0.6792086937700488815250166
0.6814561131043529626873631
0.6836971245733933167806834
0.6859317071045003002812397
0.6881598396854568318705713
0.6903815013646959744270519
0.6925966712514979467122689
0.6948053285161865628996815
0.6970074523903250980984011
0.6992030221669115780303307
0.7013920172005734910243170
0.7035744169077619204963997
0.7057502007669450960906928
0.7079193483188013616608982
0.7100818391664115582779368
0.7122376529754508204546805
0.7143867694743797837842896
0.7165291684546352021941915
0.7186648297708199730232898
0.7207937333408925681355609
0.7229158591463558692887801
0.7250311872324454059827217
0.7271396977083169940167956
0.7292413707472337729927181
0.7313361865867526410034676
0.7334241255289100847554419
0.7355051679404074033764222
0.7375792942527953241676460
0.7396464849626580085640129
0.7417067206317964465721772
0.7437599818874112379620360
0.7458062494222847584928838
0.7478455039949627094612890
0.7498777264299350488635483
0.7519028976178163024713854
0.7539209985155252531253957
0.7559320101464640065565832
0.7579359136006964320521972
0.7599326900351259762879594
0.7619223206736728486546595
0.7639047868074505764130149
0.7658800697949419280166093
0.7678481510621742029486694
0.7698090121028938864243967
0.7717626344787406673165402
0.7737089998194208176678866
0.7756480898228799321603470
0.7775798862554750259163361
0.7795043709521459890141759
0.7814215258165863961053031
0.7833313328214136695271245
0.7852337740083385943114429
0.7871288314883341834944720
0.7890164874418038921405657
0.7908967241187491784979139
0.7927695238389364107105941
0.7946348689920631175175217
0.7964927420379235813750136
0.7983431255065737724458586
0.8001860019984956219039900
0.8020213541847606330100649
0.8038491648071928284194859
0.8056694166785310321906380
0.8074820926825904849673728
0.8092871757744237908160400
0.8110846489804811942036542
0.8128744953987701856100790
0.8146566981990144342734272
0.8164312406228120465742028
0.8181981059837931485700490
0.8199572776677767911993239
0.8217087391329271766780945
0.8234524739099092046215225
0.8251884656020433364270094
0.8269166978854597764628854
0.8286371545092519686128428
0.8303498192956294067327593
0.8320546761400697575830038
0.8337517090114702948057846
0.8354409019522986425235764
0.8371222390787428271411563
0.8387957045808606359402829
0.8404612827227282810625704
0.8421189578425883674826439
0.8437687143529971635802028
0.8454105367409711729261812
0.8470444095681330059047621
0.8486703174708565497995875
0.8502882451604114359791023
0.8518981774231068028225812
0.8535000991204343530350070
0.8550939951892107040056078
0.8566798506417190298715048
0.8582576505658499939545848
0.8598273801252419702463831
0.8613890245594205526224495
0.8629425691839373504743648
0.8644879993905080694542896
0.8660253006471498760336444
0.8675544584983180445842596
0.8690754585650418856970762
0.8705882865450599544602407
0.8720929282129545374252050
0.8735893694202854169962281
0.8750775960957229119854680
0.8765575942451801930826613
0.8780293499519448719952049
0.8794928493768098630212838
0.8809480787582035158255322
0.8823950244123190181935674
0.8838336727332430675485994
0.8852640101930838100201983
0.8866860233420980458621863
0.8880996988088177000235219
0.8895050233001755566829532
0.8909019836016302565651375
0.8922905665772905558628607
0.8936707591700388455969280
0.8950425484016539302522575
0.8964059213729330645356690
0.8977608652638132471078410
0.8991073673334917701488930
0.9004454149205460236240486
0.9017749954430525531228459
0.9030960963987053701523781
0.9044087053649335137720782
0.9057128099990178624646022
0.9070083980382071951444166
0.9082954572998335002127549
0.9095739756814265315746820
0.9108439411608276105410847
0.9121053417963026725455006
0.9133581657266545576127977
0.9146024011713345435238301
0.9158380364305531206273175
0.9170650598853900072573273
0.9182834599979034047218800
0.9194932253112384908353520
0.9206943444497351509745089
0.9218868061190349456451742
0.9230705991061873135537215
0.9242457122797550091847637
0.9254121345899187738936182
0.9265698550685812395293315
0.9277188628294700636112689
0.9288591470682402950895005
0.9299906970625759697264543
0.9311135021722909341445515
0.9322275518394288975917975
0.9333328355883627104845635
0.9344293430258928687940732
0.9355170638413452433503852
0.9365959878066680331449597
0.9376661047765279417201973
0.9387274046884055757416456
0.9397798775626900648558921
0.9408235135027729019444869
0.9418583026951410028915762
0.9428842354094689849902736
0.9439013019987106631201510
0.9449094928991897628355911
0.9459087986306898495121205
0.9468992097965434727052183
0.9478807170837205248834878
0.9488533112629158137054760
0.9498169831886358470168335
0.9507717237992848297519245
0.9517175241172498719314184
0.9526543752489854069548347
0.9535822683850968193944507
0.9545011948004232815044368
0.9554111458541197976665483
0.9563121129897384560011695
0.9572040877353088863799924
0.9580870617034179240840996
0.9589610265912884783587268
0.9598259741808576051234879
0.9606818963388537831043733
0.9615287850168733926613630
0.9623666322514563965930439
0.9631954301641612222071790
0.9640151709616388439537466
0.9648258469357060659245549
0.9656274504634180035311332
0.9664199740071397636802195
0.9672034101146173227737943
0.9679777514190476018682591
0.9687429906391477383350273
0.9694991205792235533724866
0.9702461341292372147270016
0.9709840242648740939883669
0.9717127840476088178328839
0.9724324066247705125950353
0.9731428852296072415565604
0.9738442131813496343496072
0.9745363838852737078785517
0.9752193908327628781730396
0.9758932276013691625928266
0.9765578878548735718130775
0.9772133653433456910269459
0.9778596539032024498104955
0.9784967474572660801033674
0.9791246400148212617670490
0.9797433256716714551911835
0.9803527986101944204270933
0.9809530530993969223366037
0.9815440834949686212533729
0.9821258842393351486632952
0.9826984498617103674201996
0.9832617749781478160230522
0.9838158542915913364912672
0.9843606825919248853856025
0.9848962547560215275335618
0.9854225657477916120303537
0.9859396106182301300994116
0.9864473845054632544104222
0.9869458826347940594679517
0.9874351003187474227003598
0.9879150329571141058970610
0.9883856760369940166627304
0.9888470251328386495802522
0.9892990759064927068006818
0.9897418241072348978090276
0.9901752655718179181502248
0.9905993962245076069415402
0.9910142120771212830473891
0.9914197092290652598522332
0.9918158838673715386394944
0.9922027322667336806727008
0.9925802507895418581838653
0.9929484358859170846092543
0.9933072840937446245820355
0.9936567920387065844051246
0.9939969564343136839997662
0.9943277740819362116746914
0.9946492418708341635125525
0.9949613567781865697596566
0.9952641158691200113800912
0.9955575162967363309635588
0.9958415553021395435525955
0.9961162302144619548145649
0.9963815384508894965215124
0.9966374775166862927999356
0.9968840450052184754903082
0.9971212385979772738362093
0.9973490560646014135491635
0.9975674952628988745188845
0.9977765541388680773265018
0.9979762307267185998745420
0.9981665231488915727109186
0.9983474296160799746514418
0.9985189484272491654281575
0.9986810779696581776171579
0.9988338167188825964389443
0.9989771632388403756649803
0.9991111161818228462260355
0.9992356742885348165163858
0.9993508363881507486653971
0.9994566013984000492749057
0.9995529683257070064969677
0.9996399362654382464576482
0.9997175044023747284307007
0.9997856720116889628341744
0.9998444384611711916084367
0.9998938032169419878731474
0.9999337658606177711221103
0.9999643261538894550943330
0.9999854843850284447675914
0.9999972450545584403516182