0.0244461801962625182113259
0.0244315690978500450548486
0.0244023556338495820932980
0.0243585572646906258532685
0.0243002001679718653234426
0.0242273192228152481200933
0.0241399579890192849977167
0.0240381686810240526375873
0.0239220121367034556724504
0.0237915577810034006387807
0.0236468835844476151436514
0.0234880760165359131530253
0.0233152299940627601224157
0.0231284488243870278792979
0.0229278441436868469204110
0.0227135358502364613097126
0.0224856520327449668718246
0.0222443288937997651046291
0.0219897106684604914341221
0.0217219495380520753752610
0.0214412055392084601371119
0.0211476464682213485370195
0.0208414477807511491135839
0.0205227924869600694322850
0.0201918710421300411806732
0.0198488812328308622199444
0.0194940280587066028230219
0.0191275236099509454865185
0.0187495869405447086509195
0.0183604439373313432212893
0.0179603271850086859401969
0.0175494758271177046487069
0.0171281354231113768306810
0.0166965578015892045890915
0.0162550009097851870516575
0.0158037286593993468589656
0.0153430107688651440859909
0.0148731226021473142523855
0.0143943450041668461768239
0.0139069641329519852442880
0.0134112712886163323144890
0.0129075627392673472204428
0.0123961395439509229688217
0.0118773073727402795758911
0.0113513763240804166932817
0.0108186607395030762476596
0.0102794790158321571332153
0.0097341534150068058635483
0.0091830098716608743344787
0.0086263777986167497049788
0.0080645898904860579729286
0.0074979819256347286876720
0.0069268925668988135634267
0.0063516631617071887872143
0.0057726375428656985893346
0.0051901618326763302050708
0.0046045842567029551182905
0.0040162549837386423131943
0.0034255260409102157743378
0.0028327514714579910952857
0.0022382884309626187436221
0.0016425030186690295387909
0.0010458126793403487793129
0.0004493809602920903763943