0.0122236989606157641980521
0.0366637909687334933302153
0.0610819696041395681037870
0.0854636405045154986364980
0.1097942311276437466729747
0.1340591994611877851175753
0.1582440427142249339974755
0.1823343059853371824103826
0.2063155909020792171540580
0.2301735642266599864109866
0.2538939664226943208556180
0.2774626201779044028062316
0.3008654388776772026671541
0.3240884350244133751832523
0.3471177285976355084261628
0.3699395553498590266165917
0.3925402750332674427356482
0.4149063795522750154922739
0.4370245010371041629370429
0.4588814198335521954490891
0.4804640724041720258582757
0.5017595591361444642896063
0.5227551520511754784539479
0.5434383024128103634441936
0.5637966482266180839144308
0.5838180216287630895500389
0.6034904561585486242035732
0.6228021939105849107615396
0.6417416925623075571535249
0.6602976322726460521059468
0.6784589224477192593677557
0.6962147083695143323850866
0.7135543776835874133438599
0.7304675667419088064717369
0.7469441667970619811698824
0.7629743300440947227797691
0.7785484755064119668504941
0.7936572947621932902433329
0.8082917575079136601196422
0.8224431169556438424645942
0.8361029150609068471168753
0.8492629875779689691636001
0.8619154689395484605906323
0.8740527969580317986954180
0.8856677173453972174082924
0.8967532880491581843864474
0.9073028834017568139214859
0.9173101980809605370364836
0.9267692508789478433346245
0.9356743882779163757831268
0.9440202878302201821211114
0.9518019613412643862177963
0.9590147578536999280989185
0.9656543664319652686458290
0.9717168187471365809043384
0.9771984914639073871653744
0.9820961084357185360247656
0.9864067427245862088712355
0.9901278184917343833379303
0.9932571129002129353034372
0.9957927585349811868641612
0.9977332486255140198821574
0.9990774599773758950119878
0.9998248879471319144736081