0.0061239123751895295011702
0.0183708184788136651179263
0.0306149687799790293662786
0.0428545265363790983812423
0.0550876556946339841045614
0.0673125211657164002422903
0.0795272891002329659032271
0.0917301271635195520311456
0.1039192048105094036391969
0.1160926935603328049407349
0.1282487672706070947420496
0.1403856024113758859130249
0.1525013783386563953746068
0.1645942775675538498292845
0.1766624860449019974037218
0.1887041934213888264615036
0.2007175933231266700680007
0.2127008836226259579370402
0.2246522667091319671478783
0.2365699497582840184775084
0.2484521450010566668332427
0.2602970699919425419785609
0.2721029478763366095052447
0.2838680076570817417997658
0.2955904844601356145637868
0.3072686197993190762586103
0.3189006618401062756316834
0.3304848656624169762291870
0.3420194935223716364807297
0.3535028151129699895377902
0.3649331078236540185334649
0.3763086569987163902830557
0.3876277561945155836379846
0.3988887074354591277134632
0.4100898214687165500064336
0.4212294180176238249768124
0.4323058260337413099534411
0.4433173839475273572169258
0.4542624399175899987744552
0.4651393520784793136455705
0.4759464887869833063907375
0.4866822288668903501036214
0.4973449618521814771195124
0.5079330882286160362319249
0.5184450196736744762216617
0.5288791792948222619514764
0.5392340018660591811279362
0.5495079340627185570424269
0.5596994346944811451369074
0.5698069749365687590576675
0.5798290385590829449218317
0.5897641221544543007857861
0.5996107353629683217303882
0.6093674010963339395223108
0.6190326557592612194309676
0.6286050494690149754322099
0.6380831462729113686686886
0.6474655243637248626170162
0.6567507762929732218875002
0.6659375091820485599064084
0.6750243449311627638559187
0.6840099204260759531248771
0.6928928877425769601053416
0.7016719143486851594060835
0.7103456833045433133945663
0.7189128934599714483726399
0.7273722596496521265868944
0.7357225128859178346203729
0.7439624005491115684556831
0.7520906865754920595875297
0.7601061516426554549419068
0.7680075933524456359758906
0.7757938264113257391320526
0.7834636828081838207506702
0.7910160119895459945467075
0.7984496810321707587825429
0.8057635748129986232573891
0.8129565961764315431364104
0.8200276660989170674034781
0.8269757238508125142890929
0.8337997271555048943484439
0.8404986523457627138950680
0.8470714945172962071870724
0.8535172676795029650730355
0.8598350049033763506961731
0.8660237584665545192975154
0.8720825999954882891300459
0.8780106206047065439864349
0.8838069310331582848598262
0.8894706617776108888286766
0.8950009632230845774412228
0.9003970057703035447716200
0.9056579799601446470826819
0.9107830965950650118909072
0.9157715868574903845266696
0.9206227024251464955050471
0.9253357155833162028727303
0.9299099193340056411802456
0.9343446275020030942924765
0.9386391748378148049819261
0.9427929171174624431830761
0.9468052312391274813720517
0.9506755153166282763638521
0.9544031887697162417644479
0.9579876924111781293657904
0.9614284885307321440064075
0.9647250609757064309326123
0.9678769152284894549090038
0.9708835784807430293209233
0.9737445997043704052660786
0.9764595497192341556210107
0.9790280212576220388242380
0.9814496290254644057693031
0.9837240097603154961666861
0.9858508222861259564792451
0.9878297475648606089164877
0.9896604887450652183192437
0.9913427712075830869221885
0.9928763426088221171435338
0.9942609729224096649628775
0.9954964544810963565926471
0.9965826020233815404305044
0.9975192527567208275634088
0.9983062664730064440555005
0.9989435258434088565550263
0.9994309374662614082408542
0.9997684374092631861048786
0.9999560500189922307348012