0.0061299051754057857591564
0.0061296748380364986664278
0.0061292141719530834395471
0.0061285231944655327693402
0.0061276019315380226384508
0.0061264504177879366912426
0.0061250686964845654506976
0.0061234568195474804311878
0.0061216148475445832082156
0.0061195428496898295184288
0.0061172409038406284754329
0.0061147090964949169991245
0.0061119475227879095684795
0.0061089562864885234199252
0.0061057354999954793256260
0.0061022852843330780981965
0.0060986057691466529805468
0.0060946970926976980917399
0.0060905594018586731119147
0.0060861928521074844014940
0.0060815976075216427620556
0.0060767738407720980583934
0.0060717217331167509334394
0.0060664414743936418598512
0.0060609332630138177841916
0.0060551973059538766317450
0.0060492338187481899521175
0.0060430430254808039978627
0.0060366251587770195404584
0.0060299804597946507400317
0.0060231091782149633972884
0.0060160115722332929281516
0.0060086879085493424136484
0.0060011384623571610896056
0.0059933635173348036527221
0.0059853633656336707715812
0.0059771383078675312031423
0.0059686886531012259272183
0.0059600147188390547233923
0.0059511168310128456267588
0.0059419953239697077107922
0.0059326505404594676575446
0.0059230828316217905872556
0.0059132925569729856313229
0.0059032800843924967444267
0.0058930457901090792634301
0.0058825900586866627324847
0.0058719132830099005255609
0.0058610158642694068093892
0.0058498982119466814015496
0.0058385607437987230901727
0.0058270038858423319934219
0.0058152280723381015486124
0.0058032337457741007324836
0.0057910213568492471257818
0.0057785913644563714469284
0.0057659442356649741911390
0.0057530804457036750229319
0.0057400004779423555815070
0.0057267048238739963699973
0.0057131939830962084110906
0.0056994684632924603629882
0.0056855287802130018011102
0.0056713754576554833823756
0.0056570090274452746202723
0.0056424300294154800102991
0.0056276390113866542566918
0.0056126365291462173626557
0.0055974231464275703576030
0.0055819994348889124461425
0.0055663659740917603747899
0.0055505233514791708235538
0.0055344721623536666407146
0.0055182130098548677502395
0.0055017465049368275723757
0.0054850732663450758090285
0.0054681939205933684565648
0.0054511091019401459196852
0.0054338194523647001109732
0.0054163256215430514316688
0.0053986282668235365401123
0.0053807280532021078251738
0.0053626256532973455128155
0.0053443217473251833447318
0.0053258170230733487787774
0.0053071121758755186716175
0.0052882079085851914147269
0.0052691049315492765055207
0.0052498039625814025460136
0.0052303057269349446719890
0.0052106109572757724261988
0.0051907203936547190996206
0.0051706347834797735752665
0.0051503548814879957194620
0.0051298814497171563759039
0.0051092152574771030281542
0.0050883570813208522065339
0.0050673077050154097256505
0.0050460679195123198490183
0.0050246385229179444874178
0.0050030203204634735477834
0.0049812141244746675595135
0.0049592207543413337151533
0.0049370410364865364724225
0.0049146758043355438745290
0.0048921258982845107556462
0.0048693921656689000083132
0.0048464754607316430993636
0.0048233766445910410307843
0.0048000965852084069516609
0.0047766361573554516370718
0.0047529962425814130594576
0.0047291777291799312876071
0.0047051815121556699579709
0.0046810084931906855725376
0.0046566595806105458869828
0.0046321356893501986622283
0.0046074377409195920619320
0.0045825666633690479877601
0.0045575233912543896535753
0.0045323088656018247089130
0.0045069240338725852313010
0.0044813698499273259161146
0.0044556472739902818017469
0.0044297572726131868769073
0.0044037008186389549258496
0.0043774788911651239762643
0.0043510924755070657234522
0.0043245425631609613132305
0.0042978301517665448748000
0.0042709562450696162035304
0.0042439218528843240022977
0.0042167279910552210986262
0.0041893756814190930634598
0.0041618659517665616659011
0.0041341998358034646067195
0.0041063783731120129818357
0.0040784026091117279353449
0.0040502735950201579699371
0.0040219923878133783908191
0.0039935600501862743674273
0.0039649776505126091053562
0.0039362462628048786290012
0.0039073669666739546834366
0.0038783408472885172720108
0.0038491689953342783540510
0.0038198525069729982349166
0.0037903924838012961884344
0.0037607900328092568594835
0.0037310462663388340021755
0.0037011623020420531166926
0.0036711392628390145554094
0.0036409782768756986764252
0.0036106804774815746300758
0.0035802470031270143713799
0.0035496789973805134987000
0.0035189776088657205261605
0.0034881439912182762045767
0.0034571793030424645127888
0.0034260847078676769483860
0.0033948613741046917538288
0.0033635104750017697209450
0.0033320331886005682236783
0.0033004306976918751358177
0.0032687041897711642972145
0.0032368548569939741987234
0.0032048838961311115627642
0.0031727925085236815030060
0.0031405819000379459532169
0.0031082532810200120618074
0.0030758078662503522550163
0.0030432468748981576780527
0.0030105715304755267298129
0.0029777830607914904130339
0.0029448826979058762279357
0.0029118716780830123435331
0.0028787512417452737868732
0.0028455226334264723964728
0.0028121871017250922921949
0.0027787458992573726197173
0.0027452002826102393336092
0.0027115515122940877888456
0.0026778008526954179163600
0.0026439495720293237639656
0.0026099989422918391896635
0.0025759502392121415000167
0.0025418047422046148318992
0.0025075637343207750815413
0.0024732285022010581903898
0.0024388003360264736029032
0.0024042805294701247170072
0.0023696703796485981535706
0.0023349711870732236769383
0.0023001842556012066042973
0.0022653108923866345474810
0.0022303524078313603367724
0.0021953101155357629823745
0.0021601853322493885355395
0.0021249793778214727179358
0.0020896935751513471947536
0.0020543292501387313744068
0.0020188877316339116255770
0.0019833703513878098109153
0.0019477784440019430461334
0.0019121133468782766036998
0.0018763764001689718921795
0.0018405689467260314557679
0.0018046923320508429542037
0.0017687479042436241015783
0.0017327370139527705642995
0.0016966610143241088445575
0.0016605212609500562072903
0.0016243191118186897474239
0.0015880559272627267421479
0.0015517330699084184928942
0.0015153519046243599371387
0.0014789137984702174059640
0.0014424201206453770259886
0.0014058722424375164225552
0.0013692715371711025869345
0.0013326193801558190401403
0.0012959171486349257824991
0.0012591662217335559930561
0.0012223679804069540808915
0.0011855238073886605549070
0.0011486350871386503607080
0.0011117032057914329649653
0.0010747295511041247428251
0.0010377155124045074300544
0.0010006624805390909706032
0.0009635718478212056798501
0.0009264450079791582697455
0.0008892833561045005372012
0.0008520882886004809402792
0.0008148612031307819965602
0.0007776034985686972438014
0.0007403165749469818962867
0.0007030018334087411433900
0.0006656606761599343409382
0.0006282945064244358390880
0.0005909047284032230162400
0.0005534927472403894647847
0.0005160599690007674370993
0.0004786078006679509066920
0.0004411376501795405636493
0.0004036509265333198797447
0.0003661490400356268530141
0.0003286334028523334162522
0.0002911054302514885125319
0.0002535665435705865135866
0.0002160181779769908583388
0.0001784618055459532946077
0.0001408990173881984930124
0.0001033319034969132362968
0.0000657657316592401958310
0.0000282526373739346920387