0.0162767448496029695791346
0.0488129851360497311119582
0.0812974954644255589944713
0.1136958501106659209112081
0.1459737146548969419891073
0.1780968823676186027594026
0.2100313104605672036028472
0.2417431561638400123279319
0.2731988125910491414872722
0.3043649443544963530239298
0.3352085228926254226163256
0.3656968614723136350308956
0.3957976498289086032850002
0.4254789884073005453648192
0.4547094221677430086356761
0.4834579739205963597684056
0.5116941771546676735855097
0.5393881083243574362268026
0.5665104185613971684042502
0.5930323647775720806835558
0.6189258401254685703863693
0.6441634037849671067984124
0.6687183100439161539525572
0.6925645366421715613442458
0.7156768123489676262251441
0.7380306437444001328511657
0.7596023411766474987029704
0.7803690438674332176036045
0.8003087441391408172287961
0.8194003107379316755389996
0.8376235112281871214943028
0.8549590334346014554627870
0.8713885059092965028737748
0.8868945174024204160568774
0.9014606353158523413192327
0.9150714231208980742058845
0.9277124567223086909646905
0.9393703397527552169318574
0.9500327177844376357560989
0.9596882914487425393000680
0.9683268284632642121736594
0.9759391745851364664526010
0.9825172635630146774470458
0.9880541263296237994807628
0.9925439003237626245718923
0.9959818429872092906503991
0.9983643758631816777241494
0.9996895038832307668276901