0.0325506144923631662419614
0.0325161187138688359872055
0.0324471637140642693640128
0.0323438225685759284287748
0.0322062047940302506686671
0.0320344562319926632181390
0.0318287588944110065347537
0.0315893307707271685580207
0.0313164255968613558127843
0.0310103325863138374232498
0.0306713761236691490142288
0.0302999154208275937940888
0.0298963441363283859843881
0.0294610899581679059704363
0.0289946141505552365426788
0.0284974110650853856455995
0.0279700076168483344398186
0.0274129627260292428234211
0.0268268667255917621980567
0.0262123407356724139134580
0.0255700360053493614987972
0.0249006332224836102883822
0.0242048417923646912822673
0.0234833990859262198422359
0.0227370696583293740013478
0.0219666444387443491947564
0.0211729398921912989876739
0.0203567971543333245952452
0.0195190811401450224100852
0.0186606796274114673851568
0.0177825023160452608376142
0.0168854798642451724504775
0.0159705629025622913806165
0.0150387210269949380058763
0.0140909417723148609158616
0.0131282295669615726370637
0.0121516046710883196351814
0.0111621020998384985912133
0.0101607705350084157575876
0.0091486712307833866325846
0.0081268769256987592173824
0.0070964707911538652691442
0.0060585455042359616833167
0.0050142027429275176924702
0.0039645543384446866737334
0.0029107318179349464084106
0.0018539607889469217323359
0.0007967920655520124294381